# ISS Orbital element data provided by Dr T.S Kelso http://celestrak.com
=====================================================================
  25544 1998-067A   ISS (ZARYA)                                      
  Launched: 1998-11-20 (324)           Start Date: 2016-02-01 (032)  
   Decayed:                             Stop Date: 2016-05-16 (137)  
=====================================================================
1 25544U 98067A   16032.22325631  .00006135  00000-0  99007-4 0  9990
2 25544  51.6432  21.0589 0006759  66.0600  57.3435 15.54357886983675
1 25544U 98067A   16032.28454252  .00006196  00000-0  99917-4 0  9995
2 25544  51.6432  20.7533 0006796  66.0741  40.4963 15.54359031983681
1 25544U 98067A   16032.54040688  .00006279  00000-0  10115-3 0  9992
2 25544  51.6436  19.4778 0006816  67.9231  31.3392 15.54362976983720
1 25544U 98067A   16032.60699226  .00006282  00000-0  10119-3 0  9995
2 25544  51.6436  19.1456 0006817  68.1467  43.9552 15.54363892983731
1 25544U 98067A   16032.79120156  .00006277  00000-0  10110-3 0  9991
2 25544  51.6434  18.2270 0006819  68.8313 354.7361 15.54366301983764
1 25544U 98067A   16033.25518321  .00006597  00000-0  10585-3 0  9999
2 25544  51.6439  15.9128 0006877  70.0240  71.5869 15.54374295983839
1 25544U 98067A   16033.44756072  .00006597  00000-0  10585-3 0  9997
2 25544  51.6439  14.9531 0006877  70.7370  68.0848 15.54377025983862
1 25544U 98067A   16033.82111081  .00006910  00000-0  11048-3 0  9998
2 25544  51.6443  13.0900 0006864  71.8886 358.6267 15.54384167983922
1 25544U 98067A   16034.21638441  .00007171  00000-0  11436-3 0  9997
2 25544  51.6442  11.1183 0006796  73.3436  50.5136 15.54391313983985
1 25544U 98067A   16034.41001325  .00007474  00000-0  11886-3 0  9999
2 25544  51.6445  10.1532 0006794  74.7957  53.2955 15.54395645984012
1 25544U 98067A   16035.05111435  .00007687  00000-0  12199-3 0  9998
2 25544  51.6448   6.9568 0006719  78.0221  39.9562 15.54407216984119
1 25544U 98067A   16035.17930050  .00007865  00000-0  12462-3 0  9994
2 25544  51.6448   6.3172 0006758  77.7597  38.0099 15.54410230984136
1 25544U 98067A   16035.31572103  .00008189  00000-0  12943-3 0  9995
2 25544  51.6451   5.6378 0006880  78.2590  81.4156 15.54414237984154
1 25544U 98067A   16035.44165922  .00008310  00000-0  13123-3 0  9993
2 25544  51.6446   5.0101 0006860  78.9399  65.9397 15.54416878984177
1 25544U 98067A   16035.60869619  .00010372  00000-0  15456-3 0  9997
2 25544  51.6418   4.1825 0006555  76.6113 283.6131 15.54424438984209
1 25544U 98067A   16035.81538800  .00008420  00000-0  13283-3 0  9992
2 25544  51.6446   3.1456 0006851  80.1339 357.4887 15.54424059984238
1 25544U 98067A   16036.01478610  .00008973  00000-0  14104-3 0  9993
2 25544  51.6439   2.1524 0006886  80.7688  33.4173 15.54429912984261
1 25544U 98067A   16036.21032943  .00009200  00000-0  14439-3 0  9995
2 25544  51.6438   1.1774 0006954  83.0950  46.0733 15.54434802984299
1 25544U 98067A   16036.52823010  .00009153  00000-0  14366-3 0  9998
2 25544  51.6439 359.5915 0006947  83.9528  25.3586 15.54440684984346
1 25544U 98067A   16036.52823010  .00009121  00000-0  14318-3 0  9990
2 25544  51.6441 359.5913 0006959  83.4035  25.9071 15.54440498984346
1 25544U 98067A   16036.97818881  .00009160  00000-0  14371-3 0  9991
2 25544  51.6440 357.3465 0006947  85.0223  23.9294 15.54449414984417
1 25544U 98067A   16037.17635821  .00009329  00000-0  14621-3 0  9990
2 25544  51.6439 356.3588 0006933  85.6649  52.9858 15.54454086984445
1 25544U 98067A   16037.30716384  .00009480  00000-0  14844-3 0  9994
2 25544  51.6443 355.7065 0006938  85.6643  65.4669 15.54457369984460
1 25544U 98067A   16037.36869563  .00009632  00000-0  15069-3 0  9997
2 25544  51.6446 355.4004 0006959  86.7097  48.9870 15.54459257984470
1 25544U 98067A   16037.94213885  .00009758  00000-0  15249-3 0  9990
2 25544  51.6445 352.5397 0006960  89.2794  17.5824 15.54471764984564
1 25544U 98067A   16038.20499631  .00009950  00000-0  15531-3 0  9993
2 25544  51.6445 351.2284 0006997  89.9621  48.8570 15.54478078984606
1 25544U 98067A   16038.39784297  .00010055  00000-0  15685-3 0  9996
2 25544  51.6448 350.2669 0007010  90.8896  47.8423 15.54482694984635
1 25544U 98067A   16038.45608887  .00010063  00000-0  15695-3 0  9993
2 25544  51.6448 349.9764 0007011  91.1767  13.7239 15.54483972984646
1 25544U 98067A   16038.90574315  .00010255  00000-0  15975-3 0  9995
2 25544  51.6448 347.7333 0006934  92.9813   9.9319 15.54494719984713
1 25544U 98067A   16039.23535552  .00010524  00000-0  16369-3 0  9999
2 25544  51.6449 346.0892 0006993  93.9480  54.7659 15.54503006984762
1 25544U 98067A   16039.36282788  .00010720  00000-0  16657-3 0  9991
2 25544  51.6451 345.4539 0007032  94.2342  48.3176 15.54506735984789
1 25544U 98067A   16039.80320727  .00010971  00000-0  17024-3 0  9993
2 25544  51.6452 343.2565 0007016  94.9254 353.7357 15.54518067984859
1 25544U 98067A   16039.93001068  .00011051  00000-0  17140-3 0  9990
2 25544  51.6450 342.6244 0007002  95.9041 342.8565 15.54521469984876
1 25544U 98067A   16040.31992883  .00011055  00000-0  17140-3 0  9992
2 25544  51.6450 340.6789 0007000  97.3525   4.9517 15.54530476984937
1 25544U 98067A   16040.32621301  .00012064  00000-0  18632-3 0  9995
2 25544  51.6454 340.6500 0007061  97.7937  39.7208 15.54535910984931
1 25544U 98067A   16040.83351900  .00012668  00000-0  19516-3 0  9998
2 25544  51.6456 338.1184 0007053  99.4946 358.9840 15.54552412985017
1 25544U 98067A   16040.89929207  .00012681  00000-0  19534-3 0  9990
2 25544  51.6455 337.7904 0007048  99.9517   6.8636 15.54554246985024
1 25544U 98067A   16041.22849150  .00013409  00000-0  20605-3 0  9996
2 25544  51.6459 336.1490 0006917  99.5580  50.8241 15.54566365985072
1 25544U 98067A   16041.28784270  .00013572  00000-0  20844-3 0  9999
2 25544  51.6457 335.8524 0006954 101.4053  21.3548 15.54568476985082
1 25544U 98067A   16041.85168028  .00014288  00000-0  21888-3 0  9993
2 25544  51.6462 333.0399 0006854 104.9615 295.4144 15.54588480985172
1 25544U 98067A   16041.91507368  .00015328  00000-0  23421-3 0  9995
2 25544  51.6455 332.7242 0006787 104.0693 291.3315 15.54594210985183
1 25544U 98067A   16042.25886579  .00015328  00000-0  23411-3 0  9996
2 25544  51.6453 331.0084 0006803 105.0139  55.7215 15.54605677985239
1 25544U 98067A   16042.32009874  .00015544  00000-0  23727-3 0  9999
2 25544  51.6453 330.7032 0006830 105.4614  38.1988 15.54608494985243
1 25544U 98067A   16042.68017543  .00019540  00000-0  28898-3 0  9994
2 25544  51.6422 328.9134 0006436 102.4634 257.7600 15.54631019985308
1 25544U 98067A   16042.75340508  .00029888  00000-0  44813-3 0  9993
2 25544  51.6438 328.5448 0006988 104.2242 306.1298 15.54647514985316
1 25544U 98067A   16042.95582946  .00016361  00000-0  24913-3 0  9990
2 25544  51.6447 327.5318 0006726 108.3549 355.6317 15.54633315985344
1 25544U 98067A   16043.59063867  .00017039  00000-0  25889-3 0  9993
2 25544  51.6448 324.3640 0006823 108.4277 310.7755 15.54658286985448
1 25544U 98067A   16043.79075343  .00017122  00000-0  26004-3 0  9990
2 25544  51.6447 323.3654 0006843 108.9911 350.9556 15.54665771985478
1 25544U 98067A   16043.92311183  .00017048  00000-0  25891-3 0  9990
2 25544  51.6442 322.7064 0006762 109.7492  11.4702 15.54669850985490
1 25544U 98067A   16044.24069602  .00017376  00000-0  26363-3 0  9991
2 25544  51.6440 321.1219 0006821 111.4983 348.3704 15.54682446985540
1 25544U 98067A   16044.62154462  .00017385  00000-0  26363-3 0  9992
2 25544  51.6440 319.2211 0006820 112.9155 319.9317 15.54696058985601
1 25544U 98067A   16044.94981727  .00015478  00000-0  23550-3 0  9995
2 25544  51.6432 317.5840 0006906 112.2880 359.0801 15.54702009985656
1 25544U 98067A   16045.08461514  .00015278  00000-0  23253-3 0  9996
2 25544  51.6435 316.9119 0006811 112.2536  34.0677 15.54705799985676
1 25544U 98067A   16045.58412692  .00016699  00000-0  25326-3 0  9995
2 25544  51.6440 314.4178 0006737 112.6183 311.3175 15.54725978985753
1 25544U 98067A   16045.91157381  .00011060  00000-0  17032-3 0  9995
2 25544  51.6434 312.7872 0006809 114.3319 343.5070 15.54719653985808
1 25544U 98067A   16046.17903256  .00011163  00000-0  17180-3 0  9992
2 25544  51.6433 311.4520 0006860 115.8325  39.9684 15.54726147985840
1 25544U 98067A   16046.61394130  .00012420  00000-0  19020-3 0  9998
2 25544  51.6436 309.2823 0006879 117.4621 314.1575 15.54739380985919
1 25544U 98067A   16046.93811375  .00011271  00000-0  17327-3 0  9999
2 25544  51.6433 307.6636 0006835 118.4342 328.7991 15.54744291985968
1 25544U 98067A   16047.19739476  .00012674  00000-0  19383-3 0  9991
2 25544  51.6440 306.3696 0006824 122.4138 337.0118 15.54754835986009
1 25544U 98067A   16047.77152007  .00012225  00000-0  18715-3 0  9994
2 25544  51.6436 303.5046 0006729 123.3541 311.6538 15.54767470986096
1 25544U 98067A   16047.96846161  .00011594  00000-0  17787-3 0  9992
2 25544  51.6439 302.5208 0006828 123.0822 334.9613 15.54769426986126
1 25544U 98067A   16048.17168590  .00011403  00000-0  17503-3 0  9994
2 25544  51.6439 301.5066 0006812 123.3252  32.9543 15.54773665986150
1 25544U 98067A   16048.93080075  .00174292  00000-0  25766-2 0  9994
2 25544  51.6417 297.7255 0003526 135.2703 311.6558 15.54190195986271
1 25544U 98067A   16049.13635309  .00187664  00000-0  27679-2 0  9995
2 25544  51.6492 296.6952 0004080 128.6013  29.1579 15.54200290986308
1 25544U 98067A   16049.62261187  .00010497  00000-0  15796-3 0  9995
2 25544  51.6417 294.2793 0004069 144.7694 215.4089 15.54172495986382
1 25544U 98067A   16049.96765318  .00006937  00000-0  11174-3 0  9997
2 25544  51.6421 292.5563 0004282 143.7600 348.2160 15.54176041986438
1 25544U 98067A   16050.60463669  .00011526  00000-0  18062-3 0  9997
2 25544  51.6425 289.3799 0004380 147.2322 311.0862 15.54197274986535
1 25544U 98067A   16050.79721883  .00011518  00000-0  18062-3 0  9993
2 25544  51.6403 288.4255 0003063 146.5058 310.0139 15.54181541986562
1 25544U 98067A   16051.12590741  .00009448  00000-0  14937-3 0  9994
2 25544  51.6429 286.7815 0004127 146.0845 350.7244 15.54202737986619
1 25544U 98067A   16051.49964355  .00009445  00000-0  14929-3 0  9998
2 25544  51.6429 284.9176 0004130 147.5086 281.7943 15.54210135986672
1 25544U 98067A   16051.89376378  .00007798  00000-0  12453-3 0  9993
2 25544  51.6427 282.9523 0004209 148.3248 327.5912 15.54211379986733
1 25544U 98067A   16052.21253736  .00008024  00000-0  12791-3 0  9990
2 25544  51.6428 281.3627 0004100 148.5317 312.1618 15.54217682986782
1 25544U 98067A   16052.59605686  .00007818  00000-0  12479-3 0  9999
2 25544  51.6429 279.4503 0004090 149.8816 298.0980 15.54223290986843
1 25544U 98067A   16052.92652101  .00007371  00000-0  11806-3 0  9997
2 25544  51.6426 277.8025 0004152 151.7305 346.4826 15.54226245986890
1 25544U 98067A   16053.17653100  .00007312  00000-0  11716-3 0  9990
2 25544  51.6425 276.5554 0004158 152.8556 305.1453 15.54229831986935
1 25544U 98067A   16053.61773880  .00007242  00000-0  11608-3 0  9999
2 25544  51.6425 274.3549 0004199 154.0845 254.2150 15.54236294987003
1 25544U 98067A   16053.75923063  .00006927  00000-0  11136-3 0  9999
2 25544  51.6427 273.6493 0004226 155.3250 325.1746 15.54236698987029
1 25544U 98067A   16054.20662418  .00006070  00000-0  98478-4 0  9998
2 25544  51.6424 271.4191 0004193 157.3923 308.0347 15.54238989987098
1 25544U 98067A   16054.58145506  .00006091  00000-0  98768-4 0  9998
2 25544  51.6423 269.5497 0004208 158.3059 245.7924 15.54244021987151
1 25544U 98067A   16054.78608946  .00005897  00000-0  95856-4 0  9990
2 25544  51.6424 268.5290 0004273 159.2969 310.5434 15.54245595987181
1 25544U 98067A   16055.11379753  .00005791  00000-0  94245-4 0  9993
2 25544  51.6420 266.8960 0004244 159.8244 344.8513 15.54249196987237
1 25544U 98067A   16055.61109003  .00005637  00000-0  91924-4 0  9997
2 25544  51.6421 264.4154 0004282 160.9382 248.0862 15.54254765987314
1 25544U 98067A   16055.81476832  .00005530  00000-0  90313-4 0  9999
2 25544  51.6422 263.3993 0004272 161.8338 307.5869 15.54256401987344
1 25544U 98067A   16056.20030418  .00005444  00000-0  89000-4 0  9994
2 25544  51.6418 261.4776 0004227 164.3557 303.6945 15.54260589987409
1 25544U 98067A   16056.57573691  .00005442  00000-0  88951-4 0  9991
2 25544  51.6415 259.6056 0004257 166.3127 243.8079 15.54265084987468
1 25544U 98067A   16056.63111163  .00007179  00000-0  10766-3 0  9997
2 25544  51.6400 259.3369 0003845 168.7845 191.3753 15.54267791987475
1 25544U 98067A   16056.90194569  .00005396  00000-0  88258-4 0  9999
2 25544  51.6410 257.9804 0004403 168.2371 268.3481 15.54268523987516
1 25544U 98067A   16057.03575451  .00005428  00000-0  88735-4 0  9993
2 25544  51.6410 257.3136 0004488 169.4952 296.2988 15.54270362987537
1 25544U 98067A   16057.60293402  .00005595  00000-0  91214-4 0  9990
2 25544  51.6411 254.4854 0004482 171.3651 230.1299 15.54278442987624
1 25544U 98067A   16057.94268949  .00006052  00000-0  98037-4 0  9994
2 25544  51.6417 252.7940 0004192 170.8703 332.9594 15.54284875987678
1 25544U 98067A   16058.07164678  .00006135  00000-0  99284-4 0  9990
2 25544  51.6418 252.1514 0004129 170.7297 335.1495 15.54286935987693
1 25544U 98067A   16058.57831793  .00006322  00000-0  10205-3 0  9997
2 25544  51.6418 249.6253 0003966 172.2334 290.5786 15.54294669987770
1 25544U 98067A   16058.90817009  .00006471  00000-0  10427-3 0  9999
2 25544  51.6418 247.9806 0004044 173.6068 336.1065 15.54299497987829
1 25544U 98067A   16059.03545662  .00006563  00000-0  10564-3 0  9991
2 25544  51.6419 247.3460 0004010 173.6596 328.7561 15.54301694987842
1 25544U 98067A   16059.60389883  .00006432  00000-0  10365-3 0  9999
2 25544  51.6423 244.5107 0004023 175.5944 269.6466 15.54308951987936
1 25544U 98067A   16059.87261549  .00006346  00000-0  10235-3 0  9996
2 25544  51.6429 243.1721 0004097 177.0056 332.8390 15.54312173987975
1 25544U 98067A   16060.19399119  .00006295  00000-0  10157-3 0  9994
2 25544  51.6430 241.5701 0003968 178.0215 331.2819 15.54316435988022
1 25544U 98067A   16060.57238027  .00006138  00000-0  99202-4 0  9991
2 25544  51.6427 239.6829 0003983 178.8894 289.1108 15.54320909988084
1 25544U 98067A   16060.90054907  .00006015  00000-0  97343-4 0  9999
2 25544  51.6427 238.0463 0003996 179.3019 326.2000 15.54324436988139
1 25544U 98067A   16061.25812500  .00005950  00000-0  96357-4 0  9990
2 25544  51.6428 236.2631 0003978 180.0329 167.6391 15.54328903988188
1 25544U 98067A   16061.59601944  .00005853  00000-0  94888-4 0  9994
2 25544  51.6425 234.5782 0003974 180.4826 259.1604 15.54332728988246
1 25544U 98067A   16061.72625874  .00005853  00000-0  94888-4 0  9997
2 25544  51.6425 233.9285 0003974 180.9705 267.9230 15.54334380988268
1 25544U 98067A   16062.22400463  .00005781  00000-0  93787-4 0  9995
2 25544  51.6428 231.4465 0003815 183.4284 172.5017 15.54340140988331
1 25544U 98067A   16062.56566361  .00006025  00000-0  97418-4 0  9999
2 25544  51.6425 229.7422 0003613 185.2336 283.7691 15.54346036988394
1 25544U 98067A   16062.95068358  .00006117  00000-0  98783-4 0  9993
2 25544  51.6429 227.8227 0003547 186.7234 278.1470 15.54351510988452
1 25544U 98067A   16063.25314815  .00006105  00000-0  98589-4 0  9990
2 25544  51.6429 226.3140 0003562 187.8074 170.6781 15.54355440988492
1 25544U 98067A   16063.59634809  .00006595  00000-0  10589-3 0  9991
2 25544  51.6425 224.6026 0003495 188.3844 291.8273 15.54362944988554
1 25544U 98067A   16063.91791483  .00007070  00000-0  11296-3 0  9994
2 25544  51.6425 222.9986 0003376 190.4661 290.3411 15.54369666988601
1 25544U 98067A   16064.21781250  .00007148  00000-0  11411-3 0  9994
2 25544  51.6425 221.5028 0003416 191.6813 168.3895 15.54374552988655
1 25544U 98067A   16064.62342894  .00007700  00000-0  12231-3 0  9991
2 25544  51.6422 219.4801 0003362 195.4190 275.8997 15.54383545988713
1 25544U 98067A   16064.87713946  .00008141  00000-0  12886-3 0  9994
2 25544  51.6421 218.2140 0003337 196.5371 255.4411 15.54389742988754
1 25544U 98067A   16065.25775256 -.00164574  00000-0 -25195-2 0  9990
2 25544  51.6436 216.3171 0002750 185.0333 238.0864 15.54246933988812
1 25544U 98067A   16065.66704861 -.00164486  00000-0 -25529-2 0  9992
2 25544  51.6425 214.2760 0001760 240.1881 314.0084 15.53875330988875
1 25544U 98067A   16065.97191120 -.00004634  00000-0 -63377-4 0  9997
2 25544  51.6424 212.7592 0001698 239.4181 221.3194 15.53894812988928
1 25544U 98067A   16066.28826424 -.00004633  00000-0 -63377-4 0  9993
2 25544  51.6424 211.1805 0001583 240.4227 191.1696 15.53890795988976
1 25544U 98067A   16066.60569663  .00006753  00000-0  11003-3 0  9999
2 25544  51.6420 209.5988 0001637 240.5391 167.9603 15.53901971989023
1 25544U 98067A   16066.87266633  .00008027  00000-0  12937-3 0  9992
2 25544  51.6415 208.2681 0001564 242.1957 220.7401 15.53908264989068
1 25544U 98067A   16067.25280025  .00009450  00000-0  15093-3 0  9993
2 25544  51.6424 206.3724 0001581 243.6736 187.1805 15.53918435989127
1 25544U 98067A   16067.58206259  .00009614  00000-0  15339-3 0  9991
2 25544  51.6418 204.7311 0001619 245.5979 228.4129 15.53925607989178
1 25544U 98067A   16067.83679976  .00010129  00000-0  16117-3 0  9997
2 25544  51.6420 203.4616 0001571 246.1922 213.8020 15.53932339989210
1 25544U 98067A   16068.28439514  .00016244  00000-0  25370-3 0  9994
2 25544  51.6422 201.2357 0001413 261.9789 183.6161 15.53954303989283
1 25544U 98067A   16068.60811216  .00006572  00000-0  10711-3 0  9999
2 25544  51.6425 199.6230 0001553 265.2287 192.4960 15.53947737989335
1 25544U 98067A   16068.80021384  .00008434  00000-0  13534-3 0  9995
2 25544  51.6424 198.6653 0001522 263.5261 189.5742 15.53953730989369
1 25544U 98067A   16069.24765753  .00011239  00000-0  17777-3 0  9999
2 25544  51.6424 196.4344 0001564 263.6797 174.2061 15.53968884989432
1 25544U 98067A   16069.43977615  .00011131  00000-0  17611-3 0  9990
2 25544  51.6420 195.4715 0001568 253.4741 179.8949 15.53972318989465
1 25544U 98067A   16069.57438447  .00010945  00000-0  17329-3 0  9998
2 25544  51.6422 194.8005 0001583 253.9754 212.9290 15.53974450989487
1 25544U 98067A   16069.83071352  .00010888  00000-0  17239-3 0  9991
2 25544  51.6424 193.5228 0001589 255.0274 206.8126 15.53979965989529
1 25544U 98067A   16070.27784411  .00010889  00000-0  17234-3 0  9994
2 25544  51.6420 191.2933 0001608 256.5942 188.3067 15.53989992989599
1 25544U 98067A   16070.60802946  .00010558  00000-0  16731-3 0  9999
2 25544  51.6423 189.6478 0001642 260.2328 233.0609 15.53995147989640
1 25544U 98067A   16070.79482135  .00010525  00000-0  16678-3 0  9997
2 25544  51.6420 188.7163 0001668 267.0367 191.9340 15.53998955989671
1 25544U 98067A   16071.24200598  .00010317  00000-0  16357-3 0  9992
2 25544  51.6424 186.4897 0001626 272.8910 169.4698 15.54008007989741
1 25544U 98067A   16071.63905789  .00009970  00000-0  15828-3 0  9994
2 25544  51.6432 184.5130 0001467 272.5852 232.5247 15.54014809989800
1 25544U 98067A   16071.83176297  .00009870  00000-0  15675-3 0  9999
2 25544  51.6434 183.5526 0001500 279.9877 223.9165 15.54018570989831
1 25544U 98067A   16072.26548727  .00010035  00000-0  15920-3 0  9996
2 25544  51.6435 181.3899 0001560 280.1999 131.7811 15.54028526989900
1 25544U 98067A   16072.60311259  .00012306  00000-0  19343-3 0  9998
2 25544  51.6438 179.7093 0001431 279.1916 222.9068 15.54042739989958
1 25544U 98067A   16072.79547274  .00012394  00000-0  19472-3 0  9996
2 25544  51.6439 178.7504 0001386 276.4207 222.5636 15.54047942989988
1 25544U 98067A   16073.10278101  .00010697  00000-0  16908-3 0  9997
2 25544  51.6438 177.2171 0001483 284.8302 134.5418 15.54050089990032
1 25544U 98067A   16073.43540876  .00011344  00000-0  17878-3 0  9991
2 25544  51.6435 175.5589 0001593 287.3853 194.1545 15.54061316990087
1 25544U 98067A   16073.75675285  .00012752  00000-0  19993-3 0  9993
2 25544  51.6442 173.9585 0001427 284.5554 195.9943 15.54074429990132
1 25544U 98067A   16074.25492044  .00012239  00000-0  19212-3 0  9993
2 25544  51.6444 171.4739 0001407 285.6166 103.8717 15.54085742990213
1 25544U 98067A   16074.59492487  .00012369  00000-0  19401-3 0  9995
2 25544  51.6440 169.7813 0001401 287.4645 205.5125 15.54094562990266
1 25544U 98067A   16074.84667019  .00012498  00000-0  19591-3 0  9991
2 25544  51.6439 168.5262 0001383 289.8489 172.5152 15.54101497990304
1 25544U 98067A   16075.22132919  .00012443  00000-0  19501-3 0  9991
2 25544  51.6439 166.6580 0001385 289.4436 110.4457 15.54110951990366
1 25544U 98067A   16075.55878503  .00011776  00000-0  18493-3 0  9990
2 25544  51.6440 164.9776 0001358 294.4347 194.6927 15.54116071990414
1 25544U 98067A   16075.75428296  .00011797  00000-0  18521-3 0  9997
2 25544  51.6438 164.0025 0001360 296.5299 207.1002 15.54120960990440
1 25544U 98067A   16076.26144071  .00011816  00000-0  18541-3 0  9994
2 25544  51.6436 161.4736 0001366 298.7866 164.2016 15.54133574990520
1 25544U 98067A   16076.58963881  .00011510  00000-0  18077-3 0  9992
2 25544  51.6438 159.8391 0001509 304.8611 195.5706 15.54140188990573
1 25544U 98067A   16076.71743884  .00011512  00000-0  18077-3 0  9998
2 25544  51.6438 159.2018 0001509 305.3249 190.6107 15.54143254990596
1 25544U 98067A   16077.22498784  .00011633  00000-0  18251-3 0  9999
2 25544  51.6438 156.6708 0001478 307.3798 150.1482 15.54156238990671
1 25544U 98067A   16077.61200961  .00012004  00000-0  18803-3 0  9996
2 25544  51.6438 154.7419 0001609 313.7910 150.5559 15.54167409990730
1 25544U 98067A   16077.74808676  .00011982  00000-0  18767-3 0  9990
2 25544  51.6438 154.0631 0001649 315.0728 191.1315 15.54170721990759
1 25544U 98067A   16078.24759378  .00011862  00000-0  18578-3 0  9997
2 25544  51.6437 151.5730 0001616 317.7219 105.0919 15.54182422990832
1 25544U 98067A   16078.58309913  .00010420  00000-0  16409-3 0  9990
2 25544  51.6463 149.9036 0001611 312.0627 189.1589 15.54185371990884
1 25544U 98067A   16078.76874164  .00010923  00000-0  17162-3 0  9990
2 25544  51.6447 148.9763 0001687 316.0287 144.5687 15.54191554990919
1 25544U 98067A   16079.21964888  .00009489  00000-0  15003-3 0  9991
2 25544  51.6440 146.7281 0001850 322.9421 142.1881 15.54196708990984
1 25544U 98067A   16079.61393181  .00010010  00000-0  15781-3 0  9992
2 25544  51.6436 144.7593 0001799 330.7747 181.8740 15.54205039991043
1 25544U 98067A   16079.67549635  .00009878  00000-0  15582-3 0  9994
2 25544  51.6436 144.4524 0001845 329.9530 167.3838 15.54205650991053
1 25544U 98067A   16080.57099640  .00004748  00000-0  78714-4 0  9999
2 25544  51.6445 139.9891 0002135 332.4842 138.5604 15.54200193991190
1 25544U 98067A   16080.63323102  .00004787  00000-0  79287-4 0  9998
2 25544  51.6444 139.6787 0002134 332.8846 126.6019 15.54201015991201
1 25544U 98067A   16081.13405838  .00004828  00000-0  79894-4 0  9991
2 25544  51.6444 137.1810 0002138 334.8530  48.6882 15.54206505991285
1 25544U 98067A   16081.54092154  .00006908  00000-0  11115-3 0  9991
2 25544  51.6425 135.1562 0002009 343.3890 158.1218 15.54214945991341
1 25544U 98067A   16081.83534722  .00006832  00000-0  10999-3 0  9990
2 25544  51.6421 133.6858 0001946 345.4502   4.5206 15.54219105991388
1 25544U 98067A   16082.56418480  .00004718  00000-0  78187-4 0  9998
2 25544  51.6425 130.0545 0001758 349.6931 120.9580 15.54222170991507
1 25544U 98067A   16082.86282407  .00005521  00000-0  90250-4 0  9997
2 25544  51.6420 128.5615 0002166 350.9543 351.7548 15.54227379991548
1 25544U 98067A   16083.07601520  .00005597  00000-0  91386-4 0  9996
2 25544  51.6424 127.4999 0001819 349.5385 106.8169 15.54230305991582
1 25544U 98067A   16083.59985190  .00004971  00000-0  81963-4 0  9996
2 25544  51.6431 124.8898 0002010 350.6456 158.6258 15.54232983991662
1 25544U 98067A   16083.82567130  .00004958  00000-0  81774-4 0  9997
2 25544  51.6429 123.7637 0002017 351.0445 342.5794 15.54235390991695
1 25544U 98067A   16084.55798796  .00004357  00000-0  72721-4 0  9997
2 25544  51.6434 120.1135 0001857 353.9995 119.8334 15.54240309991812
1 25544U 98067A   16084.73057617  .00003680  00000-0  55253-4 0  9996
2 25544  51.6407 119.2595 0002002 343.0133  17.1320 15.54240970991840
1 25544U 98067A   16085.26185819  .00004136  00000-0  69385-4 0  9999
2 25544  51.6431 116.6034 0001969 357.7130  97.0756 15.54245984991925
1 25544U 98067A   16085.52378826  .00003981  00000-0  67048-4 0  9991
2 25544  51.6428 115.2974 0001943 357.4839 123.8498 15.54247774991968
1 25544U 98067A   16086.22752447  .00003903  00000-0  65869-4 0  9997
2 25544  51.6424 111.7880 0001939 358.3259 103.2343 15.54253521992073
1 25544U 98067A   16086.49419020  .00003976  00000-0  66962-4 0  9998
2 25544  51.6423 110.4590 0001967   0.7896 153.8407 15.54256299992114
1 25544U 98067A   16086.85349537  .00004002  00000-0  67337-4 0  9991
2 25544  51.6429 108.6668 0001989   0.3774   6.0166 15.54259649992179
1 25544U 98067A   16087.19506951  .00004108  00000-0  68927-4 0  9997
2 25544  51.6427 106.9639 0002043   2.6616 116.2272 15.54263503992220
1 25544U 98067A   16087.52161653  .00004158  00000-0  69668-4 0  9998
2 25544  51.6430 105.3354 0002084   2.4544 144.7923 15.54266717992278
1 25544U 98067A   16087.81394676  .00004159  00000-0  69668-4 0  9994
2 25544  51.6430 103.8773 0002084   3.5467 340.4792 15.54269433992314
1 25544U 98067A   16088.22169696  .00004131  00000-0  69255-4 0  9994
2 25544  51.6429 101.8461 0002215   6.9893 100.0605 15.54272847992383
1 25544U 98067A   16088.54960402  .00004094  00000-0  68682-4 0  9994
2 25544  51.6429 100.2107 0002198   7.9596 135.0734 15.54275659992435
1 25544U 98067A   16088.85654712  .00004094  00000-0  68682-4 0  9992
2 25544  51.6429  98.6796 0002198   9.1009  52.5398 15.54278471992481
1 25544U 98067A   16089.18371943  .00004095  00000-0  68682-4 0  9992
2 25544  51.6429  97.0477 0002197  10.2990  83.2185 15.54281470992535
1 25544U 98067A   16089.51304640  .00004095  00000-0  68682-4 0  9999
2 25544  51.6429  95.4050 0002197  11.5030 125.9589 15.54284488992582
1 25544U 98067A   16089.74248843  .00004096  00000-0  68682-4 0  9997
2 25544  51.6429  94.2606 0002197  12.3608 329.7789 15.54286591992613
1 25544U 98067A   16090.29172454  .00004461  00000-0  74155-4 0  9991
2 25544  51.6425  91.5224 0002463  16.1456 161.2604 15.54294032992708
1 25544U 98067A   16090.60033859  .00004741  00000-0  78337-4 0  9998
2 25544  51.6431  89.9842 0002507  18.8311  86.5655 15.54298758992759
1 25544U 98067A   16091.17973196  .00004889  00000-0  80531-4 0  9990
2 25544  51.6433  87.0947 0002479  21.4082  88.1271 15.54305362992841
1 25544U 98067A   16091.50740006  .00005134  00000-0  84190-4 0  9998
2 25544  51.6432  85.4611 0002475  22.0003 122.2212 15.54309857992899
1 25544U 98067A   16091.67455632  .00010190  00000-0  15263-3 0  9996
2 25544  51.6405  84.6367 0002395  12.6770 347.4806 15.54306738992924
1 25544U 98067A   16092.20811395  .00004771  00000-0  78733-4 0  9998
2 25544  51.6434  81.9657 0002437  25.6695  82.0083 15.54315524993007
1 25544U 98067A   16092.47201666  .00004703  00000-0  77717-4 0  9997
2 25544  51.6434  80.6503 0002421  26.4618 118.8717 15.54317909993045
1 25544U 98067A   16092.91427355  .00004487  00000-0  74465-4 0  9997
2 25544  51.6436  78.4447 0002450  26.2937  75.3488 15.54321474993115
1 25544U 98067A   16093.43414330  .00003933  00000-0  66160-4 0  9992
2 25544  51.6440  75.8525 0002398  28.9787 103.5477 15.54323841993191
1 25544U 98067A   16093.87554863  .00003953  00000-0  66451-4 0  9991
2 25544  51.6441  73.6509 0002406  29.1217  54.9593 15.54327933993263
1 25544U 98067A   16094.46513087  .00004496  00000-0  74570-4 0  9994
2 25544  51.6442  70.7117 0002496  32.9151 112.4259 15.54336179993356
1 25544U 98067A   16094.90578385  .00004796  00000-0  79034-4 0  9998
2 25544  51.6442  68.5138 0002424  33.0429  59.6656 15.54342158993420
1 25544U 98067A   16095.42890763  .00005173  00000-0  84654-4 0  9997
2 25544  51.6440  65.9053 0002481  34.4420 107.4265 15.54349575993501
1 25544U 98067A   16095.92605066  .00005441  00000-0  88642-4 0  9991
2 25544  51.6441  63.4257 0002445  37.9035   7.6639 15.54356697993588
1 25544U 98067A   16096.32340122  .00005823  00000-0  94341-4 0  9992
2 25544  51.6436  61.4442 0002428  38.5149  71.9847 15.54363207993647
1 25544U 98067A   16096.51563866  .00005962  00000-0  96408-4 0  9995
2 25544  51.6440  60.4859 0002391  41.5722  65.3492 15.54366363993675
1 25544U 98067A   16096.89986417  .00006078  00000-0  98121-4 0  9990
2 25544  51.6441  58.5694 0002420  43.0117  55.3615 15.54372164993738
1 25544U 98067A   16097.29485321  .00006124  00000-0  98790-4 0  9997
2 25544  51.6441  56.6001 0002452  44.2961 105.8000 15.54377317993794
1 25544U 98067A   16097.42312027  .00006133  00000-0  98915-4 0  9993
2 25544  51.6440  55.9602 0002457  44.7224 103.6016 15.54379036993810
1 25544U 98067A   16097.92258378  .00006005  00000-0  96993-4 0  9998
2 25544  51.6439  53.4688 0002488  46.5537  18.5075 15.54384968993893
1 25544U 98067A   16098.55391263  .00005400  00000-0  80645-4 0  9994
2 25544  51.6415  50.3320 0002365  37.3730 322.7945 15.54387958993992
1 25544U 98067A   16098.89332019  .00005453  00000-0  88703-4 0  9996
2 25544  51.6446  48.6283 0002442  50.0250  50.6736 15.54393986994049
1 25544U 98067A   16099.22324008  .00005390  00000-0  87753-4 0  9997
2 25544  51.6441  46.9831 0002466  50.2442  97.8484 15.54397286994090
1 25544U 98067A   16099.34992164  .00005379  00000-0  87594-4 0  9994
2 25544  51.6442  46.3517 0002478  50.7546  86.6965 15.54398737994114
1 25544U 98067A   16099.85994382  .00005240  00000-0  85495-4 0  9999
2 25544  51.6445  43.8088 0002513  48.5764  64.7713 15.54404318994198
1 25544U 98067A   16100.25227745  .00005325  00000-0  86753-4 0  9990
2 25544  51.6449  41.8528 0002535  50.0860 100.1652 15.54409405994254
1 25544U 98067A   16100.60843750  .00005550  00000-0  90092-4 0  9990
2 25544  51.6453  40.0775 0002595  51.0822 293.5248 15.54414887994303
1 25544U 98067A   16101.20428422  .00093896  00000-0  13919-2 0  9993
2 25544  51.6423  37.1135 0002671  59.5000  21.6303 15.54460117994403
1 25544U 98067A   16101.65102869  .00006873  00000-0  10974-3 0  9994
2 25544  51.6441  34.8811 0001460 142.7130 280.0745 15.54435003994476
1 25544U 98067A   16101.85173164  .00005956  00000-0  96097-4 0  9994
2 25544  51.6443  33.8780 0002684  55.7206  50.8839 15.54432194994507
1 25544U 98067A   16102.18174939  .00005971  00000-0  96306-4 0  9992
2 25544  51.6438  32.2331 0002707  55.9749  98.6184 15.54436250994551
1 25544U 98067A   16102.53660880  .00005936  00000-0  95761-4 0  9991
2 25544  51.6438  30.4633 0002692  57.3056 284.3900 15.54440683994607
1 25544U 98067A   16102.94736155  .00005837  00000-0  94275-4 0  9994
2 25544  51.6437  28.4144 0002706  59.0371  62.7514 15.54445409994672
1 25544U 98067A   16103.26897973  .00005937  00000-0  95743-4 0  9998
2 25544  51.6439  26.8111 0002728  59.0457  63.7174 15.54450150994727
1 25544U 98067A   16103.90629446  .00006076  00000-0  97790-4 0  9996
2 25544  51.6437  23.6320 0002668  61.0097  30.5624 15.54459501994820
1 25544U 98067A   16104.53010417  .00006834  00000-0  10904-3 0  9991
2 25544  51.6442  20.5228 0002855  62.8711 281.9149 15.54472076994915
1 25544U 98067A   16104.87038634 -.00007219  00000-0 -10182-3 0  9997
2 25544  51.6408  18.8242 0002261  11.2949  78.6155 15.54150932994973
1 25544U 98067A   16105.20382544  .00012951  00000-0  20202-3 0  9998
2 25544  51.6460  17.1690 0001746  76.7012  80.1027 15.54201600995026
1 25544U 98067A   16105.49734659  .00013686  00000-0  20580-3 0  9992
2 25544  51.6423  15.7076 0001497  35.4429 324.7180 15.54200447995074
1 25544U 98067A   16105.89927881 -.00000356  00000-0  18451-5 0  9994
2 25544  51.6453  13.7032 0001546  81.0820   9.4371 15.54196642995131
1 25544U 98067A   16106.22891807 -.00000356  00000-0  18451-5 0  9990
2 25544  51.6462  12.0594 0001624  67.8463  68.2727 15.54199771995187
1 25544U 98067A   16106.52480324 -.00000356  00000-0  18451-5 0  9991
2 25544  51.6429  10.5903 0001087  52.9954 299.7664 15.54218584995220
1 25544U 98067A   16106.79541943  .00004254  00000-0  71197-4 0  9990
2 25544  51.6431   9.2396 0001209  52.2962  15.6275 15.54225878995274
1 25544U 98067A   16107.00865741  .00006581  00000-0  10617-3 0  9994
2 25544  51.6435   8.1737 0001300  51.6769 130.1530 15.54230782995306
1 25544U 98067A   16107.19296512  .00012083  00000-0  18871-3 0  9992
2 25544  51.6449   7.2525 0001492  48.3040  85.4631 15.54242141995332
1 25544U 98067A   16107.56646022  .00010875  00000-0  17055-3 0  9998
2 25544  51.6446   5.3908 0001546  50.9113  14.0497 15.54249026995396
1 25544U 98067A   16107.97398148 -.00002349  00000-0 -28166-4 0  9991
2 25544  51.6427   3.3602 0001075  54.2553 132.3948 15.54234764995451
1 25544U 98067A   16108.53183905 -.00002349  00000-0 -28166-4 0  9997
2 25544  51.6418   0.5800 0001233 121.4705 308.6074 15.54229322995544
1 25544U 98067A   16108.85748006  .00009942  00000-0  15645-3 0  9992
2 25544  51.6419 358.9530 0001357  41.1504  52.2422 15.54265957995595
1 25544U 98067A   16109.18683699  .00009032  00000-0  14278-3 0  9996
2 25544  51.6424 357.3109 0001338  44.4852  93.0003 15.54270927995644
1 25544U 98067A   16109.49424856  .00007984  00000-0  12705-3 0  9995
2 25544  51.6424 355.7774 0001421  44.1954  14.5115 15.54274169995696
1 25544U 98067A   16109.76035462  .00007508  00000-0  11990-3 0  9993
2 25544  51.6422 354.4502 0001476  44.4323  64.2266 15.54277247995736
1 25544U 98067A   16109.88838663  .00007261  00000-0  11618-3 0  9993
2 25544  51.6423 353.8116 0001456  44.6418  60.8812 15.54278564995750
1 25544U 98067A   16110.14795921  .00007011  00000-0  11243-3 0  9990
2 25544  51.6426 352.5173 0001456  45.2814  73.6172 15.54281742995796
1 25544U 98067A   16110.84781547  .00005794  00000-0  94147-4 0  9997
2 25544  51.6433 349.0246 0001611  45.0847  32.3907 15.54286946995905
1 25544U 98067A   16111.18266424  .00006000  00000-0  97222-4 0  9995
2 25544  51.6441 347.3562 0001678  49.2608 103.0863 15.54292187995956
1 25544U 98067A   16111.48814832  .00005913  00000-0  95910-4 0  9994
2 25544  51.6442 345.8329 0001765  49.2907  13.5110 15.54295733996007
1 25544U 98067A   16111.74054971  .00005749  00000-0  93439-4 0  9994
2 25544  51.6441 344.5739 0001791  50.1935 345.8459 15.54298106996046
1 25544U 98067A   16112.14571222  .00005151  00000-0  84475-4 0  9999
2 25544  51.6445 342.5532 0001777  51.9026  92.7043 15.54299694996100
1 25544U 98067A   16112.58537723  .00005005  00000-0  82278-4 0  9992
2 25544  51.6445 340.3603 0001738  53.7335  32.6409 15.54303717996173
1 25544U 98067A   16112.91042400  .00004109  00000-0  68836-4 0  9990
2 25544  51.6452 338.7394 0001840  62.5286  43.8309 15.54302308996220
1 25544U 98067A   16113.11058294  .00003951  00000-0  66475-4 0  9992
2 25544  51.6458 337.7423 0001851  63.8623  83.2265 15.54303647996258
1 25544U 98067A   16113.60356284  .00003830  00000-0  64654-4 0  9999
2 25544  51.6458 335.2834 0001882  66.0858 321.3000 15.54307507996337
1 25544U 98067A   16113.87217478  .00003558  00000-0  60572-4 0  9991
2 25544  51.6462 333.9447 0001911  71.0597  20.3408 15.54308658996376
1 25544U 98067A   16114.13899859  .00003544  00000-0  60357-4 0  9996
2 25544  51.6464 332.6147 0001934  69.1083  76.2973 15.54310786996411
1 25544U 98067A   16114.57150519  .00003594  00000-0  61089-4 0  9995
2 25544  51.6464 330.4576 0001923  70.9699 336.1434 15.54314590996488
1 25544U 98067A   16114.77321848  .00003438  00000-0  58758-4 0  9998
2 25544  51.6460 329.4518 0001906  73.2357  23.3157 15.54315259996510
1 25544U 98067A   16115.10279013  .00003434  00000-0  58687-4 0  9999
2 25544  51.6461 327.8081 0001913  71.6264  70.2772 15.54317744996565
1 25544U 98067A   16115.53529322  .00003431  00000-0  58637-4 0  9999
2 25544  51.6460 325.6508 0001909  73.3695 330.2316 15.54321120996630
1 25544U 98067A   16115.73672943  .00003448  00000-0  58888-4 0  9995
2 25544  51.6459 324.6463 0001898  73.8872  17.6097 15.54322786996660
1 25544U 98067A   16115.93817348  .00003426  00000-0  58557-4 0  9996
2 25544  51.6454 323.6442 0001895  73.5763  65.8572 15.54324019996691
1 25544U 98067A   16116.50688535  .00003362  00000-0  57590-4 0  9999
2 25544  51.6455 320.8076 0001942  71.1139  12.6982 15.54328296996784
1 25544U 98067A   16116.89369451  .00003333  00000-0  57149-4 0  9992
2 25544  51.6451 318.8787 0001899  72.7236  16.9475 15.54331101996842
1 25544U 98067A   16117.09699378  .00003333  00000-0  57149-4 0  9999
2 25544  51.6451 317.8646 0001898  73.4693  74.5365 15.54332654996874
1 25544U 98067A   16117.53736955  .00003419  00000-0  58431-4 0  9991
2 25544  51.6453 315.6685 0001947  75.2001  18.6108 15.54336600996940
1 25544U 98067A   16117.86129858  .00003619  00000-0  61412-4 0  9990
2 25544  51.6447 314.0530 0001974  74.0949  33.5046 15.54340216996993
1 25544U 98067A   16118.18346274  .00003850  00000-0  64864-4 0  9990
2 25544  51.6447 312.4469 0002020  73.2154  38.2937 15.54344001997042
1 25544U 98067A   16118.56765286  .00004329  00000-0  72029-4 0  9994
2 25544  51.6443 310.5306 0002107  73.7950  28.9464 15.54350419997100
1 25544U 98067A   16118.82154385  .00004303  00000-0  71632-4 0  9996
2 25544  51.6439 309.2646 0001997  73.7381  10.6286 15.54352186997148
1 25544U 98067A   16119.14732789  .00004399  00000-0  73049-4 0  9991
2 25544  51.6440 307.6403 0001986  75.2047  33.3532 15.54355750997198
1 25544U 98067A   16119.57801976  .00004855  00000-0  72582-4 0  9991
2 25544  51.6415 305.4997 0001528  79.4926 280.6761 15.54361163997262
1 25544U 98067A   16119.85984381  .00004381  00000-0  72767-4 0  9993
2 25544  51.6444 304.0877 0001973  78.1121  60.1077 15.54362508997303
1 25544U 98067A   16119.98154830  .00004463  00000-0  73988-4 0  9992
2 25544  51.6445 303.4812 0001996  79.0475  20.6476 15.54364085997321
1 25544U 98067A   16120.42690309  .00004565  00000-0  75501-4 0  9995
2 25544  51.6446 301.2601 0001970  80.2589 353.1715 15.54369117997394
1 25544U 98067A   16120.88991258  .00004720  00000-0  77802-4 0  9991
2 25544  51.6443 298.9515 0002003  80.7888  65.2416 15.54374613997466
1 25544U 98067A   16120.94440009  .00004732  00000-0  77992-4 0  9994
2 25544  51.6443 298.6798 0002004  81.2024   9.9289 15.54375232997477
1 25544U 98067A   16121.52487927  .00004786  00000-0  78775-4 0  9998
2 25544  51.6441 295.7874 0001942  82.6477  18.8608 15.54381658997568
1 25544U 98067A   16121.73370370  .00004786  00000-0  78775-4 0  9994
2 25544  51.6441 294.7457 0001942  83.4055 107.4132 15.54383861997593
1 25544U 98067A   16121.85571182  .00004876  00000-0  80109-4 0  9995
2 25544  51.6442 294.1393 0001840  84.0338  69.9671 15.54385330997611
1 25544U 98067A   16121.92014773  .00004887  00000-0  80268-4 0  9999
2 25544  51.6442 293.8179 0001843  84.4656  70.3444 15.54386075997621
1 25544U 98067A   16122.10465661  .00004885  00000-0  80241-4 0  9995
2 25544  51.6442 292.8977 0001842  83.9859  23.9821 15.54388082997650
1 25544U 98067A   16122.48909340  .00004985  00000-0  81720-4 0  9997
2 25544  51.6441 290.9807 0001856  83.2059  17.4239 15.54392853997719
1 25544U 98067A   16122.55504770  .00004983  00000-0  81678-4 0  9993
2 25544  51.6440 290.6511 0001877  82.8309  27.1118 15.54393568997722
1 25544U 98067A   16122.76164352  .00005057  00000-0  82779-4 0  9990
2 25544  51.6440 289.6210 0001868  82.5256 104.2567 15.54396062997754
1 25544U 98067A   16123.17546296  .00005255  00000-0  85730-4 0  9997
2 25544  51.6442 287.5576 0001906  85.6773 258.3094 15.54401672997816
1 25544U 98067A   16123.51873486  .00005269  00000-0  85925-4 0  9990
2 25544  51.6444 285.8454 0001879  85.9314  20.2307 15.54405980997872
1 25544U 98067A   16123.57970227  .00005319  00000-0  86668-4 0  9998
2 25544  51.6443 285.5413 0001902  85.2256   2.3282 15.54406887997889
1 25544U 98067A   16123.90215008  .00005547  00000-0  90051-4 0  9998
2 25544  51.6441 283.9329 0001865  86.2797   6.8517 15.54411724997936
1 25544U 98067A   16124.14033565  .00005548  00000-0  90051-4 0  9992
2 25544  51.6441 282.7446 0001865  87.1449 259.7301 15.54414600997966
1 25544U 98067A   16124.54889311  .00006013  00000-0  96973-4 0  9991
2 25544  51.6443 280.7104 0001669  81.8436  32.8049 15.54422415998037
1 25544U 98067A   16124.61054324  .00005949  00000-0  96016-4 0  9992
2 25544  51.6435 280.4004 0001802  88.8993  10.9681 15.54422757998047
1 25544U 98067A   16124.81228696  .00006267  00000-0  10074-3 0  9992
2 25544  51.6433 279.3944 0001880  88.5392  61.0229 15.54426674998071
1 25544U 98067A   16124.92974829  .00006388  00000-0  10254-3 0  9994
2 25544  51.6432 278.8086 0001904  90.1544 357.1516 15.54428769998093
1 25544U 98067A   16124.92974829  .00006394  00000-0  10263-3 0  9991
2 25544  51.6432 278.8088 0001909  90.5610 356.7451 15.54428788998092
1 25544U 98067A   16125.44706436  .00006581  00000-0  10539-3 0  9990
2 25544  51.6433 276.2281 0001919  90.7034  13.4058 15.54437058998172
1 25544U 98067A   16125.56342212  .00006611  00000-0  10583-3 0  9994
2 25544  51.6434 275.6475 0001936  90.4710 305.2055 15.54438849998198
1 25544U 98067A   16125.89809258  .00006839  00000-0  10920-3 0  9995
2 25544  51.6433 273.9781 0001963  89.1906  20.5413 15.54444496998246
1 25544U 98067A   16126.13226852  .00006833  00000-0  10910-3 0  9999
2 25544  51.6433 272.8097 0001971  89.2690 251.7820 15.54447891998279
1 25544U 98067A   16126.27645953  .00006840  00000-0  10920-3 0  9990
2 25544  51.6433 272.0905 0001961  89.8134 338.6679 15.54450037998304
1 25544U 98067A   16126.52141854  .00004674  00000-0  69656-4 0  9993
2 25544  51.6412 270.8744 0001703  84.5940 275.5764 15.54448193998347
1 25544U 98067A   16126.58570733  .00005776  00000-0  86075-4 0  9999
2 25544  51.6412 270.5537 0001685  85.9343 274.2357 15.54448729998355
1 25544U 98067A   16126.85988696  .00006425  00000-0  10299-3 0  9996
2 25544  51.6430 269.1797 0001963  91.4860   4.0267 15.54455805998398
1 25544U 98067A   16127.09806713  .00006380  00000-0  10231-3 0  9998
2 25544  51.6430 267.9914 0001960  91.6621 257.6012 15.54458883998426
1 25544U 98067A   16127.16368056  .00006343  00000-0  10177-3 0  9997
2 25544  51.6430 267.6641 0001975  90.5807 266.1010 15.54459565998432
1 25544U 98067A   16127.50122449  .00006065  00000-0  97604-4 0  9991
2 25544  51.6429 265.9807 0002049  91.5016 355.3425 15.54462572998490
1 25544U 98067A   16127.56899446  .00005943  00000-0  95787-4 0  9999
2 25544  51.6430 265.6420 0002069  92.0936  14.2442 15.54462724998500
1 25544U 98067A   16127.83562242  .00005806  00000-0  93740-4 0  9995
2 25544  51.6428 264.3126 0002069  93.3531  66.0408 15.54465427998545
1 25544U 98067A   16128.12753472  .00005579  00000-0  90345-4 0  9990
2 25544  51.6431 262.8572 0002008  92.4595 261.5796 15.54468154998586
1 25544U 98067A   16128.27067601  .00005598  00000-0  90628-4 0  9993
2 25544  51.6432 262.1429 0002023  92.3573 343.2453 15.54470063998617
1 25544U 98067A   16128.40469663  .00005582  00000-0  90383-4 0  9993
2 25544  51.6430 261.4745 0002004  93.3555  12.7373 15.54471676998630
1 25544U 98067A   16128.53078663  .00005510  00000-0  89300-4 0  9991
2 25544  51.6431 260.8455 0002000  94.4314 357.7410 15.54472888998655
1 25544U 98067A   16128.85424799  .00005564  00000-0  90091-4 0  9999
2 25544  51.6438 259.2325 0002021  92.7504  10.7493 15.54477273998701
1 25544U 98067A   16129.16761469  .00005564  00000-0  90091-4 0  9992
2 25544  51.6438 257.6690 0002021  93.9117 324.3904 15.54481068998754
1 25544U 98067A   16129.42771006  .00005837  00000-0  94128-4 0  9997
2 25544  51.6440 256.3712 0002027  91.7661 343.0393 15.54486089998796
1 25544U 98067A   16129.56368769  .00005973  00000-0  96152-4 0  9990
2 25544  51.6444 255.6923 0002050  90.9832  25.2808 15.54488484998817
1 25544U 98067A   16129.75129382  .00006855  00000-0  10926-3 0  9991
2 25544  51.6437 254.7523 0002378 102.0342 344.8263 15.54495546998844
1 25544U 98067A   16129.81737383  .00006968  00000-0  11093-3 0  9995
2 25544  51.6438 254.4230 0002412 104.0907 352.8124 15.54496936998855
1 25544U 98067A   16130.19863381  .00006969  00000-0  11093-3 0  9997
2 25544  51.6438 252.5207 0002412 105.5081 326.4170 15.54502624998914
1 25544U 98067A   16130.33130146  .00007425  00000-0  11768-3 0  9996
2 25544  51.6446 251.8604 0002422 109.9294 344.9360 15.54507179998939
1 25544U 98067A   16130.52490068  .00007912  00000-0  12491-3 0  9994
2 25544  51.6440 250.8942 0002355 109.4144 349.6019 15.54512341998964
1 25544U 98067A   16130.78074102  .00007914  00000-0  12491-3 0  9991
2 25544  51.6440 249.6177 0002355 110.3683 341.3447 15.54516642999007
1 25544U 98067A   16131.22807197  .00008597  00000-0  13501-3 0  9990
2 25544  51.6446 247.3881 0002447 116.0808 320.6957 15.54528014999073
1 25544U 98067A   16131.81342736  .00010451  00000-0  16242-3 0  9995
2 25544  51.6446 244.4689 0002480 114.0562   0.7700 15.54548888999162
1 25544U 98067A   16132.83651801  .00010078  00000-0  15678-3 0  9991
2 25544  51.6442 239.3654 0002598 118.1670 326.0668 15.54567209999321
1 25544U 98067A   16133.55227697  .00008870  00000-0  13882-3 0  9995
2 25544  51.6439 235.7949 0002605 115.8939  16.6930 15.54575627999434
1 25544U 98067A   16133.59292044  .00005693  00000-0  84460-4 0  9998
2 25544  51.6415 235.6050 0001634  99.1296 261.0401 15.54568332999446
1 25544U 98067A   16133.72148822  .00005777  00000-0  85711-4 0  9990
2 25544  51.6414 234.9638 0001627  99.6856 260.4839 15.54569845999468
1 25544U 98067A   16133.73910976  .00008193  00000-0  12878-3 0  9996
2 25544  51.6441 234.8623 0002754 119.2388 339.6420 15.54576296999465
1 25544U 98067A   16134.52603009  .00007044  00000-0  11172-3 0  9990
2 25544  51.6428 230.9366 0003040 125.9326  59.8409 15.54583253999588
1 25544U 98067A   16134.57965330  .00006671  00000-0  10618-3 0  9992
2 25544  51.6431 230.6735 0002378 113.2460  12.8127 15.54582479999597
1 25544U 98067A   16134.70336792  .00006039  00000-0  96807-4 0  9994
2 25544  51.6432 230.0570 0002247 111.4649 347.4153 15.54581858999612
1 25544U 98067A   16135.00667824  .00005874  00000-0  94353-4 0  9991
2 25544  51.6432 228.5441 0002186 107.7967 249.6810 15.54585027999653
1 25544U 98067A   16135.14860108  .00006035  00000-0  96730-4 0  9997
2 25544  51.6435 227.8358 0002150 108.2615 324.0173 15.54587487999687
1 25544U 98067A   16135.49000000  .00005483  00000-0  88543-4 0  9991
2 25544  51.6433 226.1324 0002244 109.5897  74.5904 15.54588884999737
1 25544U 98067A   16135.55791667  .00005425  00000-0  87682-4 0  9993
2 25544  51.6432 225.7938 0002196 109.3369  95.1906 15.54589386999740
1 25544U 98067A   16135.73852492  .00005046  00000-0  82050-4 0  9990
2 25544  51.6433 224.8928 0002128 107.8911  28.0825 15.54590201999777
1 25544U 98067A   16135.73852492  .00005061  00000-0  82270-4 0  9991
2 25544  51.6433 224.8929 0002127 107.7616  28.2115 15.54590225999778
1 25544U 98067A   16135.73852492  .00005046  00000-0  82050-4 0  9990
2 25544  51.6433 224.8928 0002128 107.8911  28.0825 15.54590201999777
1 25544U 98067A   16136.51988426  .00005174  00000-0  83920-4 0  9993
2 25544  51.6433 220.9943 0002124 108.0375  83.7509 15.54599868999892
1 25544U 98067A   16136.69611507  .00005252  00000-0  85076-4 0  9996
2 25544  51.6433 220.1152 0002135 107.8767 350.8535 15.54602232999921
1 25544U 98067A   16137.21209581  .00005359  00000-0  86643-4 0  9999
2 25544  51.6435 217.5406 0002111 109.7961 358.5795 15.54608822    13
1 25544U 98067A   16137.55001157  .00005721  00000-0  91983-4 0  9991
2 25544  51.6440 215.8562 0001995 108.3968  92.4187 15.54614828    61
1 25544U 98067A   16137.65878883  .00005721  00000-0  91983-4 0  9990
2 25544  51.6440 215.3133 0001996 108.8169 341.1870 15.54616180    87
<End of file>
